10001011000 01010 000000 00101 00000
1001000100 000001011001 00110 00011
1011000100 111111111111 11101 00001
10101011000 10010 000000 00010 01000
10001010000 11110 000000 00100 01110
1001001000 000010000000 10011 11011
1111001000 000001111000 01100 00101
11101010000 11010 000000 10110 01111
000101 00000000000000000000001100
01010100 1111111111111110110 0 0000
01010100 0000000000000011010 0 0001
01010100 1111111111111111000 0 0010
01010100 1111111111111111000 0 0011
01010100 1111111111111110010 0 0100
01010100 0000000000000000001 0 0101
01010100 0000000000000001100 0 0110
01010100 0000000000000010100 0 0111
01010100 1111111111111110010 0 1000
01010100 1111111111111110001 0 1001
01010100 0000000000000011011 0 1010
01010100 1111111111111110000 0 1011
01010100 1111111111111111010 0 1100
01010100 0000000000000001110 0 1101
01010100 0000000000000000100 0 1110
01010100 1111111111111100111 0 1111
100101 11111111111111111111101010
11010110000 00000 000000 01000 00000
10110101 0000000000000010011 01010
10110100 1111111111111101000 11100
11001010000 01011 000000 00111 01001
1101001000 000000000000 01101 11110
11111000010 110110000 00 11100 10000
11010011011 00000 010101 10100 10001
11010011010 00000 000011 11001 11100
10010011010 00000 111111 00110 10101
10101010000 10001 000000 10110 00011
1011001000 000000101101 11000 10000
11111000000 000001101 00 00000 10111
11001011000 10001 000000 11111 10011
1101000100 010011010010 01001 11010
1111000100 000000000011 01100 11101
11101011000 10010 000000 01000 00100
11101011000 01101 000000 11100 11111
1111000100 000000001010 00001 11111
10001011000 11111 000000 11001 00101
000101 00000000000000000000000000
11001011000 01010 000000 11111 10111
11010110000 00000 000000 11110 00000
